2.099999999994179234e+01
2.260000000003492460e+01
4.179999999998835847e+01
3.860000000003492460e+01
8.020000000001164153e+01
7.519999999995343387e+01
9.040000000002328306e+01
1.340000000000000000e+02
2.310000000000000000e+02
3.300000000000000000e+02
6.650000000000000000e+02
1.267199999999953434e+03
3.103000000000000000e+03
7.982800000000046566e+03
1.767219999999995343e+04
2.986820000000001164e+04
3.553840000000002328e+04
2.966399999999994179e+04
1.004580000000004657e+04
-1.130320000000001164e+04
-2.806800000000000000e+04
-3.581820000000001164e+04
-3.236300000000000000e+04
-1.793999999999994179e+04
-6.547799999999988358e+03
-2.390200000000011642e+03
-9.964000000000232831e+02
-4.964000000000232831e+02
-2.715999999999767169e+02
-1.526000000000349246e+02
-1.059999999999417923e+02
-5.960000000003492460e+01
-1.640000000002328306e+01
-3.599999999994179234e+01
-1.660000000003492460e+01
1.880000000004656613e+01
4.000000000000000000e+00
-1.000000000000000000e+01
